oscillation with 500ms/7ms timer interrupts, pwm fills 127 and 170, starting after 1s in pwm 220

millis;pwm fill factor;sensor distance in mm
1008;0.00;78
1020;0.69;71
1032;0.69;65
1044;0.69;60
1055;0.69;54
1068;0.50;46
1078;0.50;41
1089;0.50;33
1100;0.50;28
1112;0.50;20
1122;0.50;22
1133;0.50;22
1144;0.50;22
1156;0.50;26
1167;0.50;24
1177;0.50;24
1188;0.50;25
1200;0.50;26
1211;0.50;23
1221;0.50;23
1232;0.50;21
1244;0.50;22
1255;0.50;20 
1266;0.50;23
1276;0.50;22
1288;0.50;20
1299;0.50;22
1312;0.50;23
1323;0.50;22
1334;0.50;22
1345;0.50;22
1356;0.50;23
1368;0.50;22
1378;0.50;21
1389;0.50;24
1400;0.50;24
1412;0.50;24
1422;0.50;26
1433;0.50;26
1444;0.50;26
1456;0.50;29 
1467;0.50;27
1477;0.50;28
1488;0.50;29
1500;0.50;30
1511;0.50;32
1521;0.50;34
1532;0.50;36
1544;0.50;36
1555;0.50;38
1566;0.69;41
1576;0.69;44
1588;0.69;44
1599;0.69;44
1610;0.69;48
1620;0.69;48
1632;0.69;51
1643;0.69;49
1654;0.69;49
1666;0.69;49
1676;0.69;52
1687;0.69;51
1698;0.69;54
1710;0.69;54
1722;0.69;56 
1733;0.69;53
1744;0.69;55
1756;0.69;54
1768;0.69;55
1779;0.69;51
1792;0.69;54
1803;0.69;52
1815;0.69;53
1826;0.69;51
1838;0.69;52
1849;0.69;50
1859;0.69;50
1870;0.69;50
1882;0.69;48
1893;0.69;47
1904;0.69;43
1914;0.69;44
1926;0.69;42
1937;0.69;39
1948;0.69;38
1958;0.69;35
1970;0.69;33
1981;0.69;32
1992;0.69;29 
2003;0.69;26
2014;0.69;25
2025;0.69;22
2036;0.69;20
2048;0.69;22
2058;0.50;22
2069;0.50;23
2080;0.50;23
2092;0.50;22
2103;0.50;22
2113;0.50;22
2124;0.50;22
2136;0.50;22
2147;0.50;22
2157;0.50;21
2168;0.50;22
2180;0.50;22
2191;0.50;23
2202;0.50;23
2212;0.50;22
2224;0.50;22
2235;0.50;23
2246;0.50;25
2256;0.50;25
2268;0.50;24
2279;0.50;26
2290;0.50;26
2301;0.50;28
2312;0.50;27
2323;0.50;32
2334;0.50;32
2345;0.50;33
2356;0.50;34
2367;0.50;34
2378;0.50;38
2390;0.50;36 
2401;0.50;39
2411;0.50;39
2422;0.50;40
2434;0.50;44
2445;0.50;45
2455;0.50;45
2466;0.50;48
2478;0.50;48
2489;0.50;50
2500;0.50;52
2511;0.50;53
2523;0.50;56
2535;0.50;58
2546;0.50;59
2558;0.69;62
2570;0.69;63
2582;0.69;66
2593;0.69;68
2606;0.69;71
2617;0.69;70
2628;0.69;76
2640;0.69;77
2652;0.69;76
2664;0.69;79
2675;0.69;80
2688;0.69;81
2699;0.69;83
2711;0.69;84
2722;0.69;87
2734;0.69;87
2746;0.69;85
2757;0.69;90
2769;0.69;90
2781;0.69;89
2793;0.69;91
2804;0.69;91
2817;0.69;90
2828;0.69;88
2839;0.69;89
2851;0.69;88
2863;0.69;88
2875;0.69;89
2886;0.69;86
2898;0.69;85
2910;0.69;88
2922;0.69;83
2933;0.69;84
2945;0.69;84
2957;0.69;81
2968;0.69;79
2980;0.69;77
2992;0.69;77
3004;0.69;78
3015;0.69;75
3027;0.69;74
3039;0.69;71
3050;0.69;69
3062;0.50;67
3074;0.50;66
3086;0.50;65
3097;0.50;60
3109;0.50;60
3121;0.50;62
3133;0.50;58
3144;0.50;55
3155;0.50;55
3168;0.50;52
3179;0.50;55
3191;0.50;52
3203;0.50;54
3214;0.50;52
3225;0.50;51
3236;0.50;50
3247;0.50;50
3258;0.50;50
3269;0.50;51
3280;0.50;48
3291;0.50;52
3302;0.50;51
3313;0.50;52
3324;0.50;50
3336;0.50;51
3346;0.50;53
3357;0.50;52
3368;0.50;53
3380;0.50;56
3392;0.50;54
3403;0.50;55
3416;0.50;58
3427;0.50;59
3439;0.50;62
3450;0.50;62
3462;0.50;64
3474;0.50;65
3485;0.50;64
3497;0.50;66
3509;0.50;66
3521;0.50;71
3532;0.50;72
3545;0.50;75
3556;0.50;77
3567;0.69;80
3579;0.69;82
3591;0.69;83
3603;0.69;86
3614;0.69;87
3627;0.69;93
3638;0.69;92
3650;0.69;93
3661;0.69;96
3673;0.69;98
3686;0.69;98
3698;0.69;101
3710;0.69;100
3723;0.69;103
3735;0.69;105
3747;0.69;105 
3760;0.69;104
3773;0.69;105
3785;0.69;106
3798;0.69;107
3810;0.69;106
3822;0.69;107
3834;0.69;108
3847;0.69;106
3860;0.69;104
3872;0.69;106
3885;0.69;104
3897;0.69;104
3909;0.69;102
3921;0.69;100
3935;0.69;100
3947;0.69;99
3959;0.69;98
3972;0.69;98
3984;0.69;97
3996;0.69;95
4008;0.69;95
4021;0.69;90
4033;0.69;91
4044;0.69;90
4057;0.69;89
4068;0.50;87
4080;0.50;86
4091;0.50;83
4104;0.50;83
4115;0.50;81
4126;0.50;84
4139;0.50;80
4150;0.50;77
4162;0.50;77
4173;0.50;77
4186;0.50;73
4197;0.50;73
4209;0.50;74
4220;0.50;75
4232;0.50;73
4246;0.50;72
4257;0.50;76
4270;0.50;74
4281;0.50;75
4293;0.50;74
4304;0.50;74
4317;0.50;77
4328;0.50;76
4339;0.50;79
4352;0.50;78
4363;0.50;76
4375;0.50;81
4386;0.50;83
4399;0.50;82
4410;0.50;83
4422;0.50;88
4433;0.50;88
4445;0.50;89
4457;0.50;90
4468;0.50;92
4481;0.50;94
4492;0.50;98
4504;0.50;97
4516;0.50;100
4530;0.50;101
4542;0.50;103
4554;0.50;106
4567;0.69;108
4579;0.69;110 
4591;0.69;112
4603;0.69;116
4617;0.69;119
4629;0.69;121
4641;0.69;121
4654;0.69;124
4666;0.69;126
4678;0.69;131
4691;0.69;130
4704;0.69;134
4716;0.69;134
4728;0.69;135
4741;0.69;135
4753;0.69;135
4766;0.69;136
4779;0.69;139
4791;0.69;138
4803;0.69;138
4815;0.69;140
4828;0.69;136
4840;0.69;136
4853;0.69;134
4866;0.69;136
4878;0.69;134
4890;0.69;135
4902;0.69;134 
4915;0.69;132
4928;0.69;128
4940;0.69;129
4953;0.69;123
4965;0.69;121
4977;0.69;119
4989;0.69;119
5002;0.69;117
5015;0.69;115
5027;0.69;111
5040;0.69;111
5052;0.69;110
5064;0.50;105
5076;0.50;103
5090;0.50;103
5102;0.50;99
5114;0.50;98
5127;0.50;96
5139;0.50;96
5151;0.50;93
5163;0.50;92
5174;0.50;88
5186;0.50;88
5197;0.50;84
5210;0.50;85
5221;0.50;85
5233;0.50;85
5244;0.50;86
5257;0.50;84
5268;0.50;83
5279;0.50;85
5292;0.50;84
5303;0.50;85
5315;0.50;88
5326;0.50;84
5339;0.50;87
5350;0.50;85
5362;0.50;86
5373;0.50;91
5385;0.50;92
5397;0.50;92
5408;0.50;93
5421;0.50;93
5432;0.50;96
5444;0.50;96
5455;0.50;98
5468;0.50;99
5480;0.50;101
5492;0.50;103
5506;0.50;102
5518;0.50;107
5530;0.50;107
5542;0.50;108
5555;0.50;114
5567;0.69;116
5580;0.69;117
5593;0.69;120
5605;0.69;122
5617;0.69;124
5629;0.69;126
5642;0.69;130
5654;0.69;132
5667;0.69;136
5680;0.69;139
5692;0.69;136
5704;0.69;139
5716;0.69;140
5729;0.69;141
5742;0.69;143
5754;0.69;143
5767;0.69;145
5779;0.69;141
5791;0.69;142 
5804;0.69;145
5817;0.69;142
5829;0.69;144
5841;0.69;142
5854;0.69;140
5866;0.69;143
5878;0.69;140
5891;0.69;141
5904;0.69;140
5916;0.69;140
5928;0.69;139
5941;0.69;136
5953;0.69;135
5965;0.69;135
5979;0.69;133
5991;0.69;131
6003;0.69;131
6016;0.69;126
6028;0.69;127
6040;0.69;125
6052;0.69;120
6066;0.50;121
6078;0.50;114
6090;0.50;114
6103;0.50;114
6115;0.50;111
6127;0.50;110
6140;0.50;108
6153;0.50;111
6165;0.50;107
6177;0.50;105
6190;0.50;104
6202;0.50;103
6214;0.50;102
6227;0.50;100
6240;0.50;101
6252;0.50;99
6264;0.50;100
6277;0.50;100
6289;0.50;101
6302;0.50;97
6315;0.50;101
6327;0.50;99
6339;0.50;101
6351;0.50;102
6364;0.50;100
6376;0.50;105
6389;0.50;104
6402;0.50;104
6414;0.50;106
6426;0.50;107
6438;0.50;110 
6451;0.50;113
6464;0.50;112
6476;0.50;117
6489;0.50;116
6501;0.50;120
6513;0.50;124
6525;0.50;125
6538;0.50;129
6551;0.50;132
6563;0.69;134
6576;0.69;136
6588;0.69;138
6600;0.69;145
6612;0.69;146
6626;0.69;146
6638;0.69;148
6650;0.69;151
6663;0.69;158
6676;0.69;155
6688;0.69;153
6702;0.69;162
6715;0.69;160
6728;0.69;161
6740;0.69;162
6754;0.69;165
6767;0.69;163
6780;0.69;166
6794;0.69;164
6806;0.69;164
6819;0.69;167
6833;0.69;164
6846;0.69;163
6859;0.69;161
6873;0.69;163 
6885;0.69;160
6898;0.69;161
6912;0.69;158
6925;0.69;157
6937;0.69;157
6950;0.69;155
6964;0.69;151
6976;0.69;155
6988;0.69;153
7001;0.69;153
7013;0.69;150
7025;0.69;149
7037;0.69;144
7051;0.69;145
7063;0.50;142
7075;0.50;142
7088;0.50;139
7100;0.50;137
7112;0.50;137
7126;0.50;133
7138;0.50;132
7150;0.50;129
7162;0.50;129
7175;0.50;126
7187;0.50;125
7200;0.50;124
7213;0.50;121
7225;0.50;125
7237;0.50;121
7249;0.50;124 
7262;0.50;124
7274;0.50;122
7287;0.50;124
7300;0.50;123
7312;0.50;124
7324;0.50;125
7336;0.50;128
7349;0.50;129
7362;0.50;130
7374;0.50;129
7387;0.50;133
7401;0.50;138
7413;0.50;136 
7426;0.50;140
7439;0.50;142
7451;0.50;142
7463;0.50;146
7476;0.50;147
7488;0.50;150
7500;0.50;151
7514;0.50;153
7526;0.50;157
7538;0.50;160
7550;0.50;159
7563;0.69;163
7576;0.69;167
7588;0.69;168
7602;0.69;173
7614;0.69;175
7627;0.69;178
7641;0.69;179
7654;0.69;183
7666;0.69;181
7680;0.69;185
7693;0.69;189
7706;0.69;186
7719;0.69;188
7732;0.69;188
7745;0.69;186
7758;0.69;189
7772;0.69;194
7785;0.69;190
7798;0.69;189 
7811;0.69;187
7824;0.69;192
7837;0.69;191
7851;0.69;187
7864;0.69;184
7876;0.69;183
7889;0.69;186
7903;0.69;182
7916;0.69;182
7929;0.69;181
7943;0.69;178
7955;0.69;177
7968;0.69;176
7982;0.69;173
7995;0.69;169
8008;0.69;167
8020;0.69;168
8034;0.69;165
8046;0.69;161
8058;0.50;160
8071;0.50;158
8083;0.50;154
8095;0.50;154
8109;0.50;150
8121;0.50;150
8133;0.50;143
8145;0.50;143
8158;0.50;141
8170;0.50;142
8183;0.50;137
8196;0.50;139
8208;0.50;137
8220;0.50;135
8232;0.50;133 
8245;0.50;137
8258;0.50;135
8270;0.50;134
8283;0.50;131
8295;0.50;133
8307;0.50;135
8320;0.50;134
8332;0.50;135
8345;0.50;135
8357;0.50;139
8370;0.50;137
8382;0.50;140
8394;0.50;142
8407;0.50;142
8420;0.50;145
8432;0.50;144
8444;0.50;146
8457;0.50;147
8469;0.50;149
8481;0.50;155
8494;0.50;158
8507;0.50;155
8519;0.50;161
8531;0.50;166
8544;0.50;164
8557;0.50;165
8570;0.69;171
8583;0.69;173
8596;0.69;175
8608;0.69;177 
8622;0.69;180
8635;0.69;183
8648;0.69;184
8662;0.69;183
8675;0.69;190
8687;0.69;188
8700;0.69;191
8714;0.69;192
8727;0.69;194
8740;0.69;255
8754;0.69;255
8766;0.69;255
8779;0.69;193
8793;0.69;255
8806;0.69;255
8819;0.69;255
8832;0.69;255
8845;0.69;255
8858;0.69;194
8871;0.69;255
8885;0.69;194
8898;0.69;194
8910;0.69;194
8924;0.69;192
8937;0.69;190
8950;0.69;189
8964;0.69;188
8977;0.69;185
8989;0.69;187
9003;0.69;181
9016;0.69;181
9029;0.69;177
9042;0.69;179
9055;0.69;175
9068;0.50;171
9081;0.50;171
9095;0.50;167
9108;0.50;169
9121;0.50;168
9134;0.50;163
9147;0.50;161
9159;0.50;158
9171;0.50;158
9184;0.50;157
9196;0.50;154
9208;0.50;155
9222;0.50;152
9234;0.50;153
9246;0.50;153
9259;0.50;152
9271;0.50;152
9283;0.50;152
9295;0.50;151
9309;0.50;155
9321;0.50;154
9333;0.50;157
9346;0.50;155
9358;0.50;156
9370;0.50;157
9383;0.50;158
9396;0.50;158
9408;0.50;163
9420;0.50;164
9434;0.50;169
9447;0.50;166
9459;0.50;170
9473;0.50;172
9485;0.50;173 
9498;0.50;178
9511;0.50;177
9525;0.50;183
9538;0.50;183
9551;0.50;187
9564;0.69;187
9577;0.69;188
9590;0.69;189
9604;0.69;195
9617;0.69;255
9630;0.69;255
9643;0.69;255
9656;0.69;255
9669;0.69;255
9682;0.69;255
9696;0.69;255
9708;0.69;255
9721;0.69;255
9735;0.69;255
9748;0.69;255
9761;0.69;255
9775;0.69;255
9787;0.69;255
9800;0.69;255
9814;0.69;255
9827;0.69;255
9840;0.69;255
9852;0.69;255
9866;0.69;255
9879;0.69;255
9892;0.69;255
9906;0.69;255
9919;0.69;255
9931;0.69;255
9945;0.69;255
9958;0.69;255
9971;0.69;255
9985;0.69;255
9997;0.69;255 
10010;0.69;255
10023;0.69;255
10037;0.69;255
10050;0.69;193
10063;0.50;191
10077;0.50;193
10090;0.50;188
10102;0.50;185
10116;0.50;185
10129;0.50;184
10142;0.50;183
10156;0.50;179
10168;0.50;180
10181;0.50;177
10194;0.50;174
10208;0.50;178
10220;0.50;176
10233;0.50;176
10247;0.50;176
10260;0.50;176
10273;0.50;178
10287;0.50;175
10299;0.50;178
10312;0.50;178
10326;0.50;176
10338;0.50;176
10351;0.50;177
10364;0.50;179
10378;0.50;179
10391;0.50;181
10404;0.50;180
10418;0.50;188
10431;0.50;185
10443;0.50;192 
10457;0.50;189
10470;0.50;187
10483;0.50;191
10497;0.50;191
10510;0.50;192
10523;0.50;255
10536;0.50;255
10550;0.50;255
10562;0.69;255
10575;0.69;255
10589;0.69;255
10602;0.69;255
10615;0.69;255
10629;0.69;255
10642;0.69;255
10654;0.69;255
10668;0.69;255
10681;0.69;255
10696;0.69;255
10710;0.69;255
10723;0.69;255
10736;0.69;255
10749;0.69;255
10762;0.69;255
10775;0.69;255
10788;0.69;255
10802;0.69;255
10815;0.69;255
10828;0.69;255
10842;0.69;255
10855;0.69;255
10867;0.69;255
10881;0.69;255
10894;0.69;255
10907;0.69;255
10920;0.69;255
10934;0.69;255
10947;0.69;255
10960;0.69;255
10973;0.69;255
10986;0.69;255
10999;0.69;255
11013;0.69;255
11026;0.69;255
11039;0.69;255
11053;0.69;255
11066;0.50;255
11079;0.50;255
11091;0.50;255
11105;0.50;255
11118;0.50;255
11131;0.50;255
11145;0.50;255
11158;0.50;255
11171;0.50;255
11185;0.50;255
11197;0.50;255 
11210;0.50;255
11224;0.50;255
11237;0.50;255
11250;0.50;255
11264;0.50;255
11277;0.50;255
11290;0.50;255
11302;0.50;255
11316;0.50;255
11329;0.50;255
11342;0.50;255
11356;0.50;255
11369;0.50;255
11382;0.50;255
11396;0.50;255
11409;0.50;255
11421;0.50;255
11435;0.50;255
11448;0.50;255
11461;0.50;255
11474;0.50;255
11488;0.50;255
11501;0.50;255
11513;0.50;255
11527;0.50;255
11540;0.50;255
11553;0.50;255
11567;0.69;255
11580;0.69;255
11593;0.69;255
11607;0.69;255
11620;0.69;255
11632;0.69;255
11645;0.69;255
11659;0.69;255
11672;0.69;255
11685;0.69;255
11699;0.69;255
11712;0.69;255
11725;0.69;255
11738;0.69;255 
11751;0.69;255
11764;0.69;255
11778;0.69;255